0,1,2,3,4,5,6,7,8,9,10,11,12,13,14,15,16,17,18,19,20,21,22,23,24,25,26,27,28,29,30,31,32,33,34,35,36,37,38,39,40,41,42,43,44,45,46,47,48,49,50,51,52,53,54,55,56,57,58,59,60,61,62,63,64,65,66,67,68,69,70,71,72,73,74,75,76,77,78,79,80,81,82,83,84,85,86,87,88,89,90,91,92,93,94,95,96,97,98,99,100,101,102,103,104,105,106,107,108,109,110,111,112,113,114,115,116,117,118,119,120,121,122,123,124,125,126,127,128,129,130,131
1.0000001,0.63297826,0.6894726,0.5963602,0.60774386,0.69725394,0.7531154,0.56865895,0.77648354,0.6443191,0.6660896,0.63738036,0.66346586,0.58669245,0.5685877,0.920162,0.5956965,0.6530245,0.5000453,0.498619,0.69429326,0.59194833,0.58122313,0.7948309,0.5759007,0.89592695,0.68444926,0.49629542,0.68545127,0.5828239,0.69007146,0.8049529,0.63397735,0.6237083,0.9180668,0.6177588,0.7177713,0.67780226,0.581523,0.4928656,0.7178775,0.9276177,0.5397811,0.6336672,0.7058043,0.48219568,0.61288697,0.66537625,0.84033966,0.5385555,0.6229969,0.62204224,0.65558255,0.7868066,0.7834249,0.6631657,0.52005273,0.51843435,0.5772092,0.91107696,0.69619155,0.85959667,0.6916821,0.63452053,0.5728623,0.7073779,0.52734554,0.7372685,0.57876104,0.6982548,0.7017505,0.8466892,0.50944245,0.7741496,0.7570744,0.6872397,0.5892932,0.6034687,0.6071707,0.90374917,0.7856981,0.58845896,0.6299974,0.6919194,0.5529337,0.576401,0.55106974,0.6000868,0.8945713,0.66087973,0.5452055,0.7728026,0.8805244,0.67132777,0.70333797,0.700794,0.6037216,0.6881973,0.6860334,0.7155485,0.77338135,0.5633141,0.63279974,0.5817871,0.78129816,0.65537524,0.51096344,0.52417976,0.80797946,0.7020372,0.88612604,0.6526994,0.64652205,0.7256041,0.5415998,0.7608342,0.7111846,0.56483614,0.6469179,0.8353368,0.69047666,0.8108873,0.72362983,0.6022267,0.88232493,0.6500732,0.728972,0.66319764,0.5918693,0.6819205,0.6469492,0.5454334
0.63297826,1.0000002,0.6593028,0.8102898,0.7261271,0.753818,0.646308,0.59588224,0.5958335,0.7012831,0.5171062,0.9769799,0.83555204,0.89704454,0.6036555,0.62775874,0.636783,0.6364007,0.7556111,0.5931297,0.56367135,0.8438785,0.88904923,0.6906517,0.6124713,0.5625031,0.6935339,0.7488107,0.77700055,0.76734704,0.58327055,0.5985512,0.6099162,0.68940264,0.55469435,0.6991176,0.7656889,0.58528996,0.84585506,0.58493316,0.7124019,0.5688136,0.83853793,0.81889963,0.577469,0.55987364,0.8778157,0.59273213,0.5702092,0.82336485,0.84669715,0.7096745,0.6183039,0.6666664,0.6608761,0.64869106,0.8329478,0.54459244,0.7913188,0.5612374,0.69883937,0.5631036,0.6408528,0.7793241,0.84405285,0.739786,0.6016679,0.5660105,0.91909164,0.770489,0.64277273,0.5684734,0.78010154,0.6493595,0.6304662,0.5535601,0.6579261,0.7624755,0.8066062,0.6102646,0.6870331,0.6862436,0.7201316,0.49646416,0.8231692,0.8067335,0.63541704,0.7375695,0.565311,0.4945645,0.82619125,0.6010078,0.56110126,0.63526523,0.78878534,0.6251252,0.75822675,0.6414384,0.67323637,0.77902377,0.6284516,0.58595055,0.6838713,0.6419478,0.55221987,0.6511348,0.76778245,0.56278443,0.5319277,0.64733994,0.57164484,0.51782244,0.6743459,0.68928117,0.8438087,0.68026125,0.602795,0.6292881,0.63330203,0.57502604,0.90468836,0.6008783,0.61351883,0.86417234,0.5775083,0.64499086,0.7112893,0.95088565,0.8904959,0.60278785,0.6298174,0.55802834
0.6894726,0.6593028,1.0,0.58175176,0.58154225,0.71598625,0.7290507,0.60680586,0.608096,0.6493398,0.52536815,0.6746763,0.62189996,0.60264564,0.5741103,0.6455335,0.695571,0.9456268,0.605187,0.51358,0.54155266,0.64551634,0.57843685,0.7624225,0.6851769,0.6055774,0.8238908,0.6204629,0.7041881,0.5566548,0.6593522,0.56798774,0.8010793,0.6600146,0.681741,0.777587,0.73020405,0.63177395,0.64439553,0.54687965,0.63514566,0.6251407,0.61658657,0.84890306,0.6627396,0.50324947,0.6534452,0.63499826,0.60186625,0.62612796,0.6526505,0.61069465,0.78642726,0.67577463,0.610755,0.930772,0.58041596,0.5131586,0.5586769,0.6799728,0.70884275,0.58652276,0.9588554,0.673874,0.63645685,0.6642956,0.57583696,0.5776787,0.58759815,0.7074734,0.64338696,0.5481312,0.59651,0.7923481,0.6456352,0.5511688,0.58392984,0.6681093,0.56862473,0.6448218,0.7480187,0.5765429,0.6004404,0.5168373,0.6566121,0.59796077,0.58801055,0.5890761,0.69110227,0.49934214,0.6528257,0.6146186,0.59970015,0.83677965,0.71630144,0.6416138,0.8145907,0.63235545,0.93480915,0.6831766,0.6888957,0.5960261,0.7281081,0.58496845,0.67172766,0.7774823,0.6099915,0.55841696,0.66978437,0.6247503,0.60266787,0.51885504,0.7326176,0.66383135,0.6399755,0.83234024,0.60800517,0.54771996,0.65321565,0.59021884,0.7034837,0.7220444,0.6175922,0.64937156,0.6087165,0.7201945,0.64182156,0.69760245,0.61290616,0.6264492,0.6056138,0.6610727
0.5963602,0.8102898,0.58175176,1.0,0.5712076,0.6554885,0.68527865,0.5575773,0.5406213,0.64195496,0.4274545,0.786502,0.8789833,0.9085399,0.5661297,0.5503787,0.5459569,0.5394102,0.6346231,0.5314778,0.5587124,0.7039627,0.90124536,0.62528396,0.49831504,0.5043723,0.61127156,0.6281137,0.67677975,0.9549702,0.58985066,0.5779954,0.5482533,0.6150072,0.51311404,0.6011802,0.66931045,0.5829328,0.7070533,0.5014331,0.6526451,0.51788425,0.6886985,0.7254812,0.57800514,0.49646333,0.74626887,0.5957385,0.5128774,0.6640274,0.85130763,0.6364769,0.5527166,0.7055781,0.5864766,0.5641917,0.6947086,0.49952546,0.93587005,0.51576585,0.6215632,0.5107051,0.57095087,0.8640152,0.7215001,0.76094407,0.56536406,0.47394714,0.76883626,0.6786389,0.6432686,0.5267894,0.6707133,0.6722468,0.5964743,0.5284611,0.5982936,0.7034886,0.9649044,0.54894143,0.6216089,0.6134362,0.6753458,0.40856186,0.6647662,0.9048032,0.5717216,0.5997064,0.52168983,0.4065509,0.667508,0.53955287,0.5234596,0.57016385,0.69099605,0.5277434,0.66604096,0.644234,0.606505,0.7812379,0.5703633,0.49327147,0.59721047,0.578239,0.535671,0.58689606,0.6601628,0.52101153,0.4771644,0.6366506,0.51146215,0.4407154,0.589559,0.6218858,0.684648,0.7024757,0.53857917,0.57329136,0.5173395,0.5130621,0.79860276,0.6402946,0.53368,0.8941768,0.53221047,0.594163,0.64632136,0.7528019,0.9392764,0.6119985,0.55016834,0.45577595
0.60774386,0.7261271,0.58154225,0.5712076,0.9999999,0.6177063,0.55326027,0.5432261,0.5794833,0.6167648,0.49776307,0.7457592,0.609133,0.6594948,0.56056273,0.63730174,0.6051205,0.5727724,0.6209018,0.5105105,0.43908718,0.6946163,0.6429609,0.66414136,0.5950976,0.5681102,0.6079102,0.6220815,0.61638427,0.5168819,0.5774193,0.48458314,0.5586038,0.6200946,0.56024873,0.57581174,0.63846433,0.5204843,0.67634916,0.53321314,0.63903695,0.5603597,0.63995874,0.63103676,0.5600206,0.49853262,0.6813534,0.5445156,0.54333067,0.6565694,0.68180346,0.6686392,0.5761615,0.5472194,0.62722147,0.5979782,0.6418979,0.46617344,0.5271929,0.55813515,0.64043605,0.54719627,0.5552571,0.59617764,0.6763624,0.6489945,0.5363583,0.5837835,0.66229594,0.6288697,0.5846174,0.55415523,0.60877085,0.568307,0.5383889,0.50625443,0.60563695,0.5958573,0.5555907,0.6249437,0.6595583,0.57507396,0.5932984,0.50349015,0.6526539,0.54240483,0.5532725,0.9602742,0.5673056,0.48157042,0.66704327,0.59323955,0.5187032,0.5658062,0.6335492,0.6299751,0.58741957,0.5805432,0.5545239,0.6113661,0.61199415,0.51475334,0.5970135,0.5711858,0.527865,0.58272064,0.61731285,0.4954769,0.54014975,0.5922124,0.56788075,0.4827684,0.62501395,0.63244396,0.64012516,0.6059658,0.59638333,0.57127076,0.5641391,0.59924716,0.6986632,0.567768,0.54714394,0.63913226,0.5683987,0.53457654,0.65218675,0.7226258,0.64694434,0.5294647,0.5864241,0.5326443
0.69725394,0.753818,0.71598625,0.6554885,0.6177063,0.9999995,0.77631974,0.6081174,0.6120465,0.73815745,0.50769794,0.75962615,0.74641913,0.67016554,0.5735518,0.66573787,0.63442034,0.70359296,0.6579448,0.6743641,0.6086549,0.71659875,0.6655601,0.6847896,0.625232,0.61113906,0.7649187,0.65831697,0.98629916,0.6294116,0.6607546,0.6457814,0.6995713,0.68901044,0.62040424,0.70095736,0.97258955,0.65831965,0.7241431,0.65561503,0.6886463,0.61967576,0.71707803,0.76289535,0.6663386,0.6511744,0.73972285,0.6849595,0.6261909,0.71740264,0.6901301,0.67872167,0.6838677,0.7531112,0.6374042,0.7170422,0.693903,0.6446271,0.63884306,0.6293526,0.7675153,0.60817367,0.7105275,0.6744369,0.70782983,0.7470742,0.61814696,0.5438347,0.71012133,0.9666162,0.71050394,0.62214935,0.66497904,0.71234953,0.65610033,0.5582665,0.6575326,0.6957856,0.6624786,0.6550575,0.6796268,0.64023316,0.6827609,0.5149081,0.7338101,0.64222336,0.6739602,0.6337012,0.63966304,0.4879668,0.7284762,0.61937225,0.6242635,0.67726713,0.9583491,0.62764883,0.74089,0.6963729,0.7133819,0.8194939,0.6580809,0.644115,0.7184677,0.6245194,0.5964672,0.6954962,0.6716433,0.6038913,0.57519513,0.685599,0.6030784,0.50550604,0.73199755,0.6827299,0.7259287,0.7635447,0.6255273,0.6190406,0.68267995,0.59948945,0.8363789,0.6983575,0.630075,0.68650264,0.64677465,0.73715967,0.6702512,0.7591133,0.67318654,0.6751406,0.6233978,0.58658767
0.7531154,0.646308,0.7290507,0.68527865,0.55326027,0.77631974,1.0,0.5676362,0.66578615,0.72271913,0.48865557,0.6502347,0.7785582,0.61686,0.56480056,0.7075515,0.64941514,0.7114679,0.5874596,0.5083183,0.58975005,0.60435003,0.6045039,0.6855784,0.64030606,0.6785728,0.8862947,0.59251916,0.7674752,0.6755406,0.68916416,0.6376092,0.67319286,0.6294497,0.6745506,0.7097126,0.7790706,0.7271562,0.60230225,0.5089434,0.6873316,0.69681233,0.6181314,0.7808124,0.70744616,0.4989667,0.6235263,0.7097489,0.6185547,0.61588204,0.622073,0.65424526,0.6623772,0.7758909,0.6374907,0.724375,0.59987724,0.5308543,0.66100925,0.671427,0.7518557,0.629038,0.808009,0.63842785,0.58966166,0.77252567,0.5411008,0.58417886,0.59689224,0.7715795,0.77478874,0.6177811,0.5939843,0.74759257,0.6862287,0.5667481,0.5810922,0.6802967,0.70169497,0.7132916,0.6824144,0.57413346,0.689581,0.50459254,0.64115036,0.61402136,0.54638165,0.5456536,0.66912943,0.47781006,0.63094085,0.6197442,0.63884026,0.66241753,0.767807,0.6254587,0.75016075,0.7598112,0.80116004,0.83033234,0.64706284,0.53654826,0.70691526,0.5789486,0.6292903,0.66851526,0.6061139,0.53005826,0.54952437,0.75387394,0.6597219,0.48305088,0.73027134,0.7094596,0.63466066,0.88147795,0.6023612,0.5883337,0.6467151,0.6175721,0.7374743,0.7565872,0.6274559,0.66347843,0.6720488,0.74336296,0.6876644,0.65425485,0.6234173,0.74971086,0.6453353,0.6158189
0.56865895,0.59588224,0.60680586,0.5575773,0.5432261,0.6081174,0.5676362,0.9999999,0.6372577,0.5736063,0.48798075,0.59114695,0.60247916,0.56061435,0.8481174,0.5715015,0.58341795,0.6240629,0.47826573,0.6437689,0.55098015,0.49369144,0.54448473,0.6644747,0.70873106,0.5640908,0.57625026,0.48353767,0.5970925,0.5237229,0.5692509,0.5281333,0.5655737,0.80420506,0.52977836,0.53017384,0.61527896,0.59187365,0.5069247,0.7241081,0.582876,0.54725486,0.4857703,0.5788861,0.5910359,0.6700895,0.5176048,0.5762968,0.596274,0.49244094,0.5745398,0.6574153,0.56834644,0.5777286,0.637988,0.6149954,0.48203886,0.6910294,0.51884836,0.53003556,0.5992796,0.59244496,0.5829988,0.5803618,0.4842129,0.5710148,0.89334446,0.51740694,0.5023256,0.5935639,0.5870329,0.587337,0.47834927,0.66080266,0.5312511,0.5364821,0.7573754,0.52629644,0.5494535,0.59099656,0.65939933,0.6484284,0.5749133,0.49345702,0.50287026,0.5273113,0.8115947,0.48428413,0.57213473,0.4525767,0.5030006,0.54214764,0.5946917,0.5534011,0.6026052,0.5782039,0.51367444,0.5778236,0.5876439,0.59423286,0.5783143,0.79612964,0.57034904,0.81750494,0.5855888,0.5771945,0.4752141,0.92276025,0.53587854,0.5696011,0.5635017,0.48204413,0.58369136,0.57952493,0.5034055,0.6051634,0.6701256,0.58979386,0.5874087,0.5392677,0.6195159,0.6053876,0.5551724,0.56979805,0.607456,0.49570826,0.59691864,0.5865013,0.5592676,0.5545741,0.6147256,0.68780553
0.77648354,0.5958335,0.608096,0.5406213,0.5794833,0.6120465,0.66578615,0.6372577,0.99999994,0.60456055,0.7095112,0.62203324,0.6068739,0.5359097,0.60259724,0.7877417,0.59444445,0.6194749,0.42680416,0.48944184,0.7154906,0.5448066,0.5191094,0.7680953,0.65596086,0.8568549,0.635514,0.4307497,0.58782095,0.51602894,0.6190087,0.6742509,0.5639077,0.6294374,0.7277939,0.56414574,0.6175623,0.6196592,0.52347547,0.5355111,0.7326314,0.76051825,0.47897488,0.6193511,0.6259626,0.5127332,0.5341004,0.6162815,0.8105278,0.48560295,0.55346495,0.6556834,0.5956055,0.6299069,0.8766265,0.6349851,0.47620273,0.54415154,0.5072152,0.7366042,0.66465724,0.8360795,0.59133214,0.57835525,0.5166886,0.63970274,0.56811553,0.7747561,0.5265912,0.596177,0.67753714,0.8071335,0.42596743,0.66181123,0.6705066,0.75787026,0.5897907,0.56393343,0.5462724,0.782611,0.7691409,0.59320486,0.6577219,0.75687313,0.501943,0.5155568,0.587309,0.52651143,0.72919697,0.6888809,0.49581093,0.7420639,0.7303781,0.5725047,0.588865,0.66672724,0.5746127,0.6942967,0.57097524,0.6335582,0.7715532,0.5996438,0.60306776,0.6217953,0.83074355,0.58464986,0.4324053,0.58158296,0.6796767,0.6958188,0.85301536,0.6914609,0.6257554,0.7457649,0.4804728,0.6798314,0.7769127,0.6101938,0.57612956,0.69897443,0.6057384,0.69693506,0.8087879,0.55353665,0.8164511,0.5683068,0.7559457,0.58128583,0.5380654,0.6538957,0.65754455,0.6381912
0.6443191,0.7012831,0.6493398,0.64195496,0.6167648,0.73815745,0.72271913,0.5736063,0.60456055,1.0000002,0.4986332,0.7050175,0.6715091,0.6607556,0.5334276,0.63445467,0.6654202,0.6502918,0.6230095,0.5808003,0.5853347,0.65285087,0.65227973,0.62335813,0.6138376,0.61347467,0.72516215,0.62817377,0.7313443,0.621011,0.6013326,0.60759467,0.6617889,0.6025112,0.6090411,0.726368,0.7466552,0.61080164,0.63327384,0.57121015,0.6859181,0.5932983,0.662802,0.7016708,0.60967416,0.5639363,0.6476651,0.60804194,0.5864557,0.66403764,0.6934455,0.6331451,0.663228,0.65675795,0.61030614,0.67010045,0.6310809,0.53802526,0.6302399,0.60501695,0.90490985,0.56704247,0.6441067,0.6770335,0.63799864,0.69844526,0.5973982,0.58186483,0.61758,0.73724556,0.71352,0.56736326,0.62946796,0.62465525,0.6268398,0.5431825,0.5752066,0.6671008,0.63952327,0.6191306,0.6217234,0.5789276,0.57381225,0.50505954,0.68258774,0.61221033,0.59683806,0.6158506,0.60380626,0.48453367,0.6763853,0.5673155,0.58091396,0.6462452,0.73707646,0.6064705,0.6541639,0.69428825,0.6436088,0.7028278,0.5872174,0.5383766,0.7098593,0.577446,0.5578105,0.6710831,0.62890494,0.5518518,0.5521643,0.70808464,0.58504933,0.4943113,0.73608935,0.6786311,0.6766421,0.6896751,0.6091924,0.5589928,0.6170528,0.56009895,0.7336829,0.65422237,0.5907768,0.6850839,0.61866057,0.87824905,0.6667964,0.7207869,0.65671957,0.6733736,0.6174249,0.5739201
0.6660896,0.5171062,0.52536815,0.4274545,0.49776307,0.50769794,0.48865557,0.48798075,0.7095112,0.4986332,1.0000001,0.5308317,0.47234327,0.4438216,0.4078143,0.74739933,0.5249781,0.50614667,0.42660856,0.40154636,0.6214766,0.4709053,0.4327254,0.6369012,0.5182218,0.7207075,0.53990585,0.42220014,0.49272978,0.4191511,0.5222715,0.64897287,0.46700874,0.4426507,0.6583579,0.48743337,0.5124571,0.50255024,0.46576783,0.44906273,0.56354237,0.6712375,0.455891,0.50631565,0.51837856,0.43207592,0.4694402,0.5156905,0.70500886,0.46750775,0.4519954,0.42750707,0.48980325,0.48888543,0.7519768,0.52882737,0.4243106,0.44568014,0.4085099,0.67272973,0.5304877,0.7474026,0.5225064,0.46303824,0.4494214,0.49777105,0.48028725,0.6577952,0.4664652,0.5027477,0.5303161,0.7389722,0.42003143,0.5405691,0.48131126,0.65174395,0.45824397,0.44356385,0.42441922,0.7306265,0.638352,0.4081675,0.49562815,0.96390235,0.4650903,0.4116584,0.48129976,0.44428495,0.6891886,0.9419575,0.47200137,0.6760947,0.68948936,0.4741058,0.49511114,0.54067653,0.48534492,0.51788,0.5076679,0.50541997,0.5532539,0.4626388,0.4548657,0.4200085,0.63237697,0.47944412,0.4108643,0.45530912,0.6376277,0.5257101,0.7428817,0.93909776,0.48969674,0.55475146,0.45005617,0.51955485,0.6873962,0.34298572,0.5147173,0.69731194,0.5243459,0.5692717,0.72274494,0.45022607,0.708938,0.45495394,0.56041694,0.5001687,0.4392929,0.4910204,0.5505636,0.5042534
0.63738036,0.9769799,0.6746763,0.786502,0.7457592,0.75962615,0.6502347,0.59114695,0.62203324,0.7050175,0.5308317,0.99999976,0.8129023,0.8609779,0.6216606,0.63715285,0.65048367,0.6521737,0.771871,0.5935383,0.57817423,0.87637836,0.85601044,0.71659935,0.6309919,0.57312405,0.6893089,0.768568,0.7544606,0.73987246,0.61020535,0.5919325,0.61333585,0.7009501,0.56438285,0.6875615,0.77193,0.6062295,0.87772334,0.5832669,0.7330532,0.5722535,0.8418162,0.8037468,0.60585856,0.5583265,0.8857389,0.6174448,0.5805405,0.8426553,0.8169615,0.7372033,0.625366,0.66892785,0.66174865,0.66521996,0.83164567,0.5475022,0.768484,0.5734305,0.71827984,0.56895465,0.63904274,0.7730033,0.86744326,0.75892055,0.59765226,0.58273894,0.92627555,0.77955997,0.6573819,0.5751919,0.7769455,0.668695,0.6576855,0.57237434,0.6722605,0.7309251,0.7857956,0.62885803,0.7129369,0.6977901,0.72931534,0.5126871,0.84564966,0.7761141,0.63429356,0.75667095,0.5782647,0.50762624,0.8477996,0.62325877,0.5501229,0.64571244,0.7649731,0.6555036,0.7642288,0.657412,0.6418827,0.8007656,0.66079354,0.5922916,0.6696699,0.64968824,0.5822075,0.6351356,0.78447014,0.5572938,0.5572658,0.6656995,0.57798314,0.5250426,0.6803114,0.71620935,0.8342844,0.6997896,0.6277679,0.6562437,0.6449622,0.5802295,0.8773332,0.6241001,0.6403904,0.8359353,0.5864753,0.6552508,0.74467486,0.92187476,0.8606637,0.61747396,0.6510228,0.5730984
0.66346586,0.83555204,0.62189996,0.8789833,0.609133,0.74641913,0.7785582,0.60247916,0.6068739,0.6715091,0.47234327,0.8129023,0.99999976,0.84446967,0.63419366,0.64325565,0.60138345,0.58553356,0.6033836,0.5576485,0.5689652,0.6947929,0.831619,0.7086151,0.56941205,0.5729611,0.6751523,0.60146946,0.76600194,0.84777623,0.66571206,0.6135305,0.5628807,0.6783503,0.5895278,0.64063245,0.7479025,0.70414716,0.7055614,0.5475224,0.7040411,0.609703,0.67254984,0.7760121,0.6679843,0.55085677,0.742577,0.7051188,0.56058264,0.6540057,0.7580837,0.7110984,0.5605674,0.77763414,0.6294731,0.60084337,0.6773289,0.5566776,0.8385717,0.5995207,0.6848167,0.56658065,0.62101495,0.72651744,0.6905172,0.82532233,0.60060936,0.5364732,0.76899034,0.75518155,0.75657284,0.57893664,0.6340082,0.75747687,0.66684365,0.55933475,0.64910686,0.74725145,0.9078878,0.6453325,0.7056961,0.6564632,0.7818154,0.45334893,0.6606375,0.79421216,0.59555286,0.60156274,0.6066794,0.4495759,0.66309273,0.5945405,0.5918255,0.5725013,0.76847214,0.5911702,0.72583425,0.75442916,0.6511493,0.89731973,0.6407515,0.54456395,0.61583626,0.62754166,0.6042285,0.5947206,0.61874247,0.5630375,0.5206164,0.74301875,0.57636166,0.46722892,0.61842656,0.69818234,0.67847335,0.7877506,0.5882937,0.62622863,0.6219668,0.5937602,0.87753475,0.73567057,0.56928736,0.8018072,0.5935244,0.62407476,0.70689553,0.76720774,0.83207834,0.72033316,0.657873,0.53510445
0.58669245,0.89704454,0.60264564,0.9085399,0.6594948,0.67016554,0.61686,0.56061435,0.5359097,0.6607556,0.4438216,0.8609779,0.84446967,0.99999994,0.5686949,0.5740936,0.5795762,0.56810546,0.671421,0.56633043,0.5215143,0.7423058,0.9899546,0.6175149,0.5351622,0.5223319,0.64239615,0.666448,0.7066301,0.87579024,0.5460089,0.5618499,0.54784834,0.63520193,0.514464,0.65478677,0.6883236,0.53069645,0.74880725,0.55296874,0.6658029,0.52083635,0.74553686,0.7679531,0.5341387,0.53103167,0.79405653,0.52403015,0.49544954,0.7187393,0.94295245,0.6683199,0.5510393,0.6343832,0.6137444,0.5883627,0.75097656,0.5146179,0.8884363,0.5213247,0.64296615,0.5087243,0.5945681,0.862552,0.7587198,0.70845485,0.584388,0.5314664,0.8247789,0.69349957,0.5923972,0.5110874,0.7098699,0.60978013,0.5522482,0.50257075,0.62099904,0.7258385,0.88193756,0.54833794,0.61288816,0.6229133,0.661795,0.4175185,0.7150763,0.9005553,0.60595524,0.67326725,0.5067851,0.42270866,0.7239812,0.54454553,0.50776625,0.5687567,0.7261122,0.55074644,0.69440424,0.59367514,0.64126617,0.7103273,0.5683212,0.51725817,0.6128834,0.58442044,0.49696395,0.59486747,0.68507415,0.5325599,0.46304998,0.5991415,0.5289431,0.44410455,0.60024863,0.63319445,0.74418736,0.63904124,0.5707316,0.59139246,0.5400123,0.5209107,0.84580314,0.55658746,0.5360584,0.92172337,0.525806,0.60389304,0.667264,0.8391209,0.96845603,0.5611961,0.5612657,0.4796796
0.5685877,0.6036555,0.5741103,0.5661297,0.56056273,0.5735518,0.56480056,0.8481174,0.60259724,0.5334276,0.4078143,0.6216606,0.63419366,0.5686949,1.0,0.52428764,0.50335205,0.58351946,0.49290878,0.5670205,0.51386005,0.5308888,0.55906034,0.6236344,0.6542624,0.52642447,0.52496207,0.49914223,0.5536494,0.5142474,0.54004145,0.47350314,0.50387144,0.9045355,0.47344306,0.48829582,0.5699005,0.57263905,0.5231692,0.60516584,0.5557271,0.4918788,0.5034445,0.5583872,0.5747927,0.54980683,0.5291284,0.5234031,0.4859107,0.5164628,0.5783449,0.8268968,0.49704605,0.5854548,0.5679452,0.5721121,0.49413896,0.5761059,0.52402824,0.48550263,0.5715119,0.5049706,0.52794725,0.55481523,0.5140756,0.5985681,0.7274811,0.5367278,0.5537428,0.557434,0.5953677,0.49704084,0.48565528,0.6344398,0.5562889,0.44649175,0.8631173,0.4716095,0.571219,0.5402511,0.6156357,0.7710938,0.6234422,0.41104233,0.5292126,0.5143196,0.66264623,0.5458594,0.48952574,0.39087874,0.52764285,0.46837142,0.45327517,0.5062128,0.5481532,0.5819971,0.50546175,0.5879775,0.5168308,0.6095845,0.55445665,0.675368,0.5138354,0.8964729,0.5226862,0.4965674,0.5002897,0.760934,0.435163,0.57373416,0.5249619,0.39506713,0.5307196,0.5654674,0.5116287,0.6358359,0.5616341,0.7888733,0.52143013,0.48264548,0.5902247,0.57783085,0.45897686,0.53789467,0.51079565,0.4531031,0.59568274,0.5974432,0.57364327,0.54874575,0.56356466,0.614598
0.920162,0.62775874,0.6455335,0.5503787,0.63730174,0.66573787,0.7075515,0.5715015,0.7877417,0.63445467,0.74739933,0.63715285,0.64325565,0.5740936,0.52428764,1.0,0.62537736,0.6137451,0.46084565,0.4457953,0.66514426,0.56092346,0.5620686,0.777748,0.5970946,0.9420172,0.67469555,0.4621006,0.6543679,0.542126,0.6379162,0.7974762,0.5847077,0.5714481,0.925294,0.5998358,0.6844002,0.6375877,0.55056393,0.4889695,0.6997923,0.9434493,0.5098743,0.61792976,0.6499109,0.47447002,0.5715684,0.6762489,0.890001,0.5158159,0.5862133,0.57831275,0.6307888,0.6819985,0.82310545,0.6283934,0.5123749,0.49660155,0.5240477,0.91928154,0.6772201,0.9081343,0.6630441,0.59394807,0.5233588,0.6646785,0.54071647,0.77068007,0.5573104,0.6659972,0.66932195,0.89677936,0.4627703,0.69888836,0.64296645,0.7371544,0.539305,0.6060746,0.5521555,0.97444713,0.7737192,0.5378651,0.6268365,0.7571776,0.52589387,0.5336689,0.53138155,0.5739368,0.902964,0.7318767,0.5279907,0.8451669,0.91128314,0.6320594,0.669373,0.63466203,0.59849036,0.6571097,0.6547332,0.6823009,0.71986735,0.5380125,0.6090951,0.53618157,0.75248104,0.62799346,0.45912084,0.5123266,0.8008732,0.6722317,0.9361927,0.7171979,0.6333736,0.70635974,0.5123302,0.6752106,0.7703376,0.49368986,0.617758,0.90755576,0.66608936,0.76036024,0.7741894,0.5725442,0.9251234,0.60674524,0.71196234,0.62848055,0.55205584,0.61768633,0.6588502,0.5774069
0.5956965,0.636783,0.695571,0.5459569,0.6051205,0.63442034,0.64941514,0.58341795,0.59444445,0.6654202,0.5249781,0.65048367,0.60138345,0.5795762,0.50335205,0.62537736,1.0000004,0.6732754,0.54215515,0.44702595,0.49639496,0.5828733,0.56103843,0.66869575,0.61372817,0.59423745,0.75167835,0.54266447,0.6205417,0.5428522,0.51804304,0.5115287,0.6104074,0.5862587,0.6043354,0.6925566,0.64207906,0.57371587,0.5813868,0.53709453,0.61567444,0.5989623,0.5746756,0.7280759,0.5474979,0.47946587,0.5967302,0.8401465,0.57349914,0.58094096,0.57343954,0.57761914,0.6447561,0.5630553,0.6375901,0.7035803,0.52950054,0.47620288,0.53277946,0.60016346,0.6890983,0.570747,0.68521804,0.5844824,0.5732423,0.57144105,0.58471733,0.57257336,0.5503797,0.62616974,0.62395316,0.53876555,0.5374531,0.5859296,0.5578842,0.55814934,0.5256773,0.64610696,0.51999754,0.62473524,0.6683781,0.50858563,0.52638954,0.52033854,0.5915277,0.5291835,0.57241344,0.54023415,0.6035517,0.52253556,0.58962584,0.6064306,0.5717059,0.6290776,0.6246693,0.5863615,0.696698,0.6075,0.67281896,0.63529855,0.6085041,0.55357736,0.65066683,0.53181756,0.5782049,0.6392014,0.54463613,0.5402574,0.58118117,0.6031814,0.57761484,0.5263451,0.7111544,0.6381696,0.57791954,0.6775394,0.6354851,0.48386812,0.6141032,0.56299216,0.68397635,0.60623586,0.5773963,0.6259219,0.62355417,0.62166756,0.63506746,0.62187845,0.5630437,0.58666193,0.624592,0.5593879
0.6530245,0.6364007,0.9456268,0.5394102,0.5727724,0.70359296,0.7114679,0.6240629,0.6194749,0.6502918,0.50614667,0.6521737,0.58553356,0.56810546,0.58351946,0.6137451,0.6732754,1.0000004,0.5833312,0.5610953,0.52552295,0.6228199,0.5441275,0.72130394,0.7546073,0.5878023,0.81785923,0.600056,0.69075274,0.51395464,0.61142427,0.5458416,0.850883,0.671532,0.6313611,0.77634597,0.70930755,0.6050811,0.62405384,0.60137534,0.63406646,0.587739,0.59727085,0.8308232,0.61957353,0.55334026,0.63164675,0.61022794,0.57431275,0.60653377,0.6216565,0.66104466,0.8223949,0.6397041,0.5978938,0.9816953,0.5638497,0.56114006,0.5178241,0.6263431,0.7020858,0.56289023,0.9173319,0.6307488,0.6165786,0.6419426,0.61786884,0.57900274,0.5618894,0.68813175,0.6249475,0.5265013,0.57441217,0.73702836,0.5964235,0.54120624,0.60782194,0.6451569,0.52882475,0.6106362,0.70909595,0.6473517,0.5939748,0.5053123,0.63972616,0.5570991,0.63283664,0.5722455,0.6365786,0.4851831,0.63406104,0.58766013,0.5595328,0.78745675,0.6938939,0.62972283,0.79316866,0.605595,0.8934197,0.64885837,0.65695685,0.65050703,0.78845257,0.6477962,0.63753575,0.81216556,0.5880805,0.606447,0.6201362,0.60165817,0.578243,0.5000954,0.79186255,0.661747,0.62238723,0.8009658,0.5977342,0.61691296,0.6365939,0.5701843,0.67585564,0.6641441,0.59649074,0.60731786,0.58939767,0.70173085,0.63668096,0.6747376,0.5758643,0.6111157,0.5962548,0.73513824
0.5000453,0.7556111,0.605187,0.6346231,0.6209018,0.6579448,0.5874596,0.47826573,0.42680416,0.6230095,0.42660856,0.771871,0.6033836,0.671421,0.49290878,0.46084565,0.54215515,0.5833312,0.9999996,0.52644324,0.43287256,0.8106255,0.6739081,0.5577951,0.5369987,0.3894577,0.60740787,0.9924089,0.6488834,0.5797678,0.5028132,0.40900347,0.56310207,0.5839901,0.41889262,0.53856695,0.6741023,0.47540334,0.82827777,0.48869246,0.56055576,0.3964734,0.9430735,0.6466412,0.48619556,0.46993545,0.8153534,0.5182747,0.41780254,0.9564376,0.6763456,0.61803395,0.562843,0.5537478,0.481045,0.6048774,0.88589156,0.4500317,0.64369947,0.4300934,0.60501015,0.3836039,0.5809557,0.6659404,0.7990527,0.61779475,0.49470755,0.4234652,0.7401898,0.7229195,0.53281975,0.3862808,0.9868308,0.55856806,0.52057195,0.45359403,0.5558375,0.58040035,0.64417255,0.4545602,0.55721396,0.5696739,0.5395439,0.39311698,0.95191306,0.62068826,0.52554756,0.653285,0.43992677,0.39376062,0.9497568,0.47692248,0.36699304,0.57494295,0.6637921,0.53572834,0.6322281,0.5141594,0.578601,0.6332122,0.49422207,0.46829513,0.58235204,0.5092757,0.4272519,0.56526893,0.9893287,0.45326826,0.45737863,0.5124854,0.39855734,0.43365157,0.58950907,0.5306681,0.94324917,0.615863,0.48709843,0.54612154,0.51466554,0.39879146,0.6886484,0.52169275,0.52955234,0.66939366,0.39706916,0.5902034,0.54843867,0.7765603,0.70567393,0.50021523,0.4849377,0.4568489
0.498619,0.5931297,0.51358,0.5314778,0.5105105,0.6743641,0.5083183,0.6437689,0.48944184,0.5808003,0.40154636,0.5935383,0.5576485,0.56633043,0.5670205,0.4457953,0.44702595,0.5610953,0.52644324,1.0000002,0.47305423,0.5636118,0.5609439,0.50074285,0.58048767,0.42774844,0.54953086,0.5238503,0.6665907,0.4911955,0.48795626,0.4624933,0.5396035,0.63010204,0.40213934,0.52120906,0.62369406,0.544645,0.55536973,0.9278957,0.5357151,0.39350665,0.5806291,0.55313367,0.5211486,0.9680627,0.573456,0.4648449,0.43253127,0.5761539,0.61101145,0.60945576,0.5188537,0.5169476,0.49308175,0.57405865,0.56546247,0.91321963,0.5107855,0.4069497,0.54295224,0.44076765,0.4942374,0.55691594,0.5757448,0.5620869,0.8191798,0.39026967,0.54382837,0.6198494,0.50546175,0.47353417,0.539072,0.5170865,0.4447736,0.41838747,0.7652339,0.5090566,0.539234,0.4422129,0.50097144,0.6048865,0.44866398,0.3911222,0.5762513,0.52611727,0.90179473,0.53018576,0.43918633,0.34972218,0.5814273,0.40701917,0.42764035,0.46864945,0.6167046,0.5019578,0.50512207,0.4737439,0.50196344,0.5510066,0.46712652,0.82329726,0.5613355,0.63752705,0.43217543,0.531432,0.52576005,0.8169015,0.3962846,0.4778783,0.42600828,0.3729947,0.56625706,0.505481,0.57329416,0.5536747,0.5339968,0.56482273,0.5560259,0.39826232,0.607295,0.4881255,0.46102607,0.54260284,0.46120888,0.50687146,0.5111633,0.6147317,0.56988835,0.48572004,0.548669,0.54275906
0.69429326,0.56367135,0.54155266,0.5587124,0.43908718,0.6086549,0.58975005,0.55098015,0.7154906,0.5853347,0.6214766,0.57817423,0.5689652,0.5215143,0.51386005,0.66514426,0.49639496,0.52552295,0.43287256,0.47305423,0.9999998,0.5612897,0.5088597,0.6222411,0.56327194,0.6983377,0.5802129,0.43409047,0.5907014,0.55313224,0.5643765,0.8551752,0.5062275,0.55741745,0.60545677,0.56456345,0.60201955,0.6101342,0.55628115,0.4853352,0.64230675,0.61761,0.45827273,0.5621314,0.5836405,0.47133812,0.5561959,0.54287523,0.7720001,0.47165295,0.5506241,0.5309599,0.5229781,0.62935424,0.74440855,0.54159945,0.43286872,0.46785587,0.5538152,0.6118405,0.6285855,0.7388529,0.53372836,0.62419134,0.54419285,0.5765438,0.5160712,0.630924,0.4982144,0.5910892,0.6594808,0.7400182,0.42870262,0.60228837,0.5474614,0.73795515,0.51015234,0.5226283,0.5714566,0.655746,0.61903524,0.54088086,0.5566949,0.6548694,0.48459277,0.5663786,0.5191805,0.44323257,0.63053596,0.63492495,0.48331988,0.7096112,0.6613483,0.52035683,0.5817492,0.5810088,0.51861113,0.6587197,0.52179176,0.5894716,0.5491969,0.5544822,0.548017,0.5748814,0.5995696,0.5190881,0.44515052,0.50187767,0.63862795,0.64343995,0.7158329,0.67331535,0.5542468,0.6567661,0.46935862,0.5994014,0.6742042,0.48401245,0.59872764,0.6342838,0.58973527,0.6014763,0.718559,0.5567746,0.7348545,0.5622249,0.623768,0.5678635,0.5449002,0.6579376,0.56726557,0.5551108
0.59194833,0.8438785,0.64551634,0.7039627,0.6946163,0.71659875,0.60435003,0.49369144,0.5448066,0.65285087,0.4709053,0.87637836,0.6947929,0.7423058,0.5308888,0.56092346,0.5828733,0.6228199,0.8106255,0.5636118,0.5612897,1.0,0.7504778,0.63303083,0.59183115,0.50318414,0.64091295,0.7963857,0.7063438,0.6440998,0.55636835,0.5261537,0.6009659,0.62787825,0.4988841,0.6546317,0.7241678,0.54096335,0.96199775,0.53281844,0.6796042,0.4824102,0.81428766,0.7182636,0.54788,0.50663626,0.9474166,0.54504836,0.5389143,0.8332818,0.7573257,0.6712383,0.57882977,0.65698963,0.57477444,0.64056134,0.7566374,0.4803002,0.70150596,0.50456583,0.66770506,0.49331367,0.60385543,0.73651266,0.97210264,0.693614,0.52472365,0.52299684,0.83840096,0.74177957,0.62398857,0.4927045,0.7975875,0.58472925,0.5729686,0.5779011,0.5907147,0.6370121,0.72319776,0.5612025,0.6306077,0.63195336,0.67694044,0.45946285,0.8237872,0.69160455,0.5598521,0.73271114,0.5091415,0.44441098,0.8288445,0.62460524,0.45139676,0.6024157,0.71210927,0.6288329,0.73151463,0.6148227,0.59363425,0.6999009,0.58343804,0.537605,0.6299875,0.5755805,0.5106348,0.57641107,0.82643104,0.4711064,0.5593873,0.60983056,0.5018367,0.4942912,0.63965535,0.6577503,0.79882807,0.67179507,0.57451254,0.6004496,0.58562726,0.51515925,0.7650812,0.56385523,0.6353219,0.7401423,0.52024806,0.6377274,0.6771574,0.861771,0.7759313,0.5773904,0.583612,0.5136421
0.58122313,0.88904923,0.57843685,0.90124536,0.6429609,0.6655601,0.6045039,0.54448473,0.5191094,0.65227973,0.4327254,0.85601044,0.831619,0.9899546,0.55906034,0.5620686,0.56103843,0.5441275,0.6739081,0.5609439,0.5088597,0.7504778,1.0,0.5964227,0.5238044,0.5080557,0.6273305,0.66021067,0.69944394,0.8806815,0.53694534,0.552011,0.5296731,0.62514603,0.49952626,0.6394609,0.68628776,0.52092975,0.7563254,0.5380641,0.6511484,0.5053635,0.74821424,0.7514043,0.5295751,0.5179565,0.7976932,0.5130584,0.47759074,0.722872,0.92965287,0.65466017,0.53359383,0.6346814,0.6011922,0.56714237,0.74595696,0.5094092,0.90093505,0.5097086,0.6365883,0.49486983,0.5718565,0.86092997,0.7673922,0.6980408,0.5692262,0.51806945,0.83929515,0.6924027,0.58331573,0.49870992,0.7100168,0.5954398,0.5459906,0.48863995,0.6137006,0.7116351,0.88013715,0.5378195,0.5926896,0.61233765,0.65926087,0.40607813,0.7121661,0.90219486,0.59441686,0.6631407,0.49489483,0.41404694,0.7183787,0.5291759,0.4920571,0.5518865,0.72100884,0.5445204,0.69663715,0.58328253,0.61688614,0.70270014,0.55741924,0.506916,0.59638244,0.57450837,0.4806529,0.5757432,0.6867767,0.5173536,0.44577348,0.5922574,0.5140651,0.4347578,0.5844724,0.61887914,0.73928523,0.62670636,0.5682007,0.5784221,0.5307349,0.5068249,0.8335661,0.5421344,0.5378137,0.92069465,0.51226693,0.6105593,0.653189,0.82951444,0.96132725,0.55304354,0.54999506,0.45889065
0.7948309,0.6906517,0.7624225,0.62528396,0.66414136,0.6847896,0.6855784,0.6644747,0.7680953,0.62335813,0.6369012,0.71659935,0.7086151,0.6175149,0.6236344,0.777748,0.66869575,0.72130394,0.5577951,0.50074285,0.6222411,0.63303083,0.5964227,1.0,0.6178423,0.7262774,0.65430695,0.56859523,0.6682878,0.5906905,0.70925176,0.6573114,0.6622044,0.6868231,0.8086801,0.6120193,0.71695846,0.6780463,0.63090605,0.55696756,0.8075443,0.7639451,0.56452036,0.6643632,0.7154833,0.5192204,0.643182,0.7161248,0.7413313,0.5750097,0.6180856,0.6697897,0.68430567,0.71857905,0.74355227,0.7304951,0.55952203,0.5423056,0.5850256,0.80273896,0.71297497,0.73024243,0.7209356,0.64386106,0.6062759,0.73164785,0.623112,0.64654714,0.616998,0.693142,0.7128627,0.7104544,0.5525612,0.8403175,0.75857973,0.6646814,0.61614156,0.6180648,0.6295478,0.79314077,0.9975783,0.6093362,0.68743545,0.63844943,0.5970157,0.5823011,0.62173307,0.61393845,0.8374841,0.6025418,0.5929884,0.7410656,0.74439883,0.7061445,0.6957154,0.7533019,0.61866355,0.74033666,0.70188004,0.75390035,0.88494766,0.63098806,0.605735,0.6188716,0.85644126,0.67589355,0.56099653,0.6055859,0.8184933,0.7309862,0.7364848,0.61911047,0.63477236,0.80766326,0.5772269,0.7367145,0.6764802,0.5645062,0.663058,0.71546066,0.7425191,0.85662687,0.661745,0.6549545,0.73410314,0.5941855,0.8272217,0.67720586,0.6329907,0.6771801,0.74005604,0.59521234
0.5759007,0.6124713,0.6851769,0.49831504,0.5950976,0.625232,0.64030606,0.70873106,0.65596086,0.6138376,0.5182218,0.6309919,0.56941205,0.5351622,0.6542624,0.5970946,0.61372817,0.7546073,0.5369987,0.58048767,0.56327194,0.59183115,0.5238044,0.6178423,1.0000001,0.58891,0.71686417,0.53118163,0.6113836,0.47856736,0.5296467,0.5100558,0.64190793,0.6912604,0.52357763,0.66670096,0.6149996,0.59271413,0.5882453,0.6555811,0.5896909,0.54067963,0.56370366,0.715067,0.5593535,0.60900205,0.587009,0.5778617,0.5994833,0.58040136,0.5712328,0.69713175,0.6160788,0.5470805,0.6277145,0.76277196,0.53766364,0.5770347,0.49096757,0.5270769,0.67382526,0.5723901,0.66610724,0.55674386,0.57325804,0.593899,0.6827579,0.57812953,0.53735936,0.5911289,0.6187881,0.5470758,0.5240558,0.5854747,0.50207305,0.5653943,0.6412095,0.53621656,0.51375747,0.6014546,0.6149675,0.6536757,0.5879699,0.5250863,0.58454597,0.47913194,0.6632899,0.5445601,0.54580826,0.5114205,0.5868835,0.59293073,0.51212907,0.55109525,0.59827864,0.59001356,0.6795324,0.6080545,0.6483992,0.5984874,0.5620725,0.6997593,0.6637721,0.779867,0.54203343,0.61078966,0.53425235,0.67648584,0.5023232,0.6029122,0.57393485,0.51998734,0.6757876,0.6210105,0.5691613,0.72643816,0.6910172,0.6445492,0.5871006,0.5608779,0.6140878,0.5686004,0.6411507,0.5500422,0.60941124,0.5915457,0.61489666,0.62502396,0.51770705,0.5814841,0.59072334,0.9704981
0.89592695,0.5625031,0.6055774,0.5043723,0.5681102,0.61113906,0.6785728,0.5640908,0.8568549,0.61347467,0.7207075,0.57312405,0.5729611,0.5223319,0.52642447,0.9420172,0.59423745,0.5878023,0.3894577,0.42774844,0.6983377,0.50318414,0.5080557,0.7262774,0.58891,0.99999976,0.6454004,0.39254665,0.5966117,0.50974625,0.5973091,0.7705121,0.54440373,0.5685175,0.88757414,0.5798917,0.62515795,0.5984031,0.48453867,0.47230422,0.66961867,0.9126771,0.44658178,0.57321054,0.6126524,0.45127887,0.5098771,0.61524117,0.9076502,0.44872597,0.55134547,0.5755303,0.6006547,0.6449079,0.87705725,0.6032064,0.4408499,0.47811675,0.48958987,0.88185894,0.66006833,0.95056355,0.61924446,0.5871662,0.47184616,0.62071913,0.5174924,0.8526213,0.49405468,0.5995381,0.65714055,0.9042439,0.39641806,0.64392847,0.61638016,0.7200725,0.52424055,0.553201,0.5009501,0.91921705,0.7232665,0.5325164,0.59084356,0.7619126,0.46643436,0.5077934,0.51723653,0.5096202,0.8537912,0.72919816,0.4613745,0.8065942,0.8734373,0.5939259,0.6067383,0.61732537,0.5437863,0.6588772,0.60764956,0.6091156,0.67906815,0.54568464,0.5920853,0.54880315,0.70413506,0.5943371,0.38900548,0.5076969,0.76289284,0.6746712,0.9843884,0.7250281,0.6147389,0.68994266,0.45173287,0.64612126,0.77320254,0.5141707,0.56661975,0.8546066,0.59080327,0.7098371,0.7660806,0.5388575,0.94277966,0.58751273,0.6922795,0.57900095,0.49751768,0.6167325,0.6087489,0.5682867
0.68444926,0.6935339,0.8238908,0.61127156,0.6079102,0.7649187,0.8862947,0.57625026,0.635514,0.72516215,0.53990585,0.6893089,0.6751523,0.64239615,0.52496207,0.67469555,0.75167835,0.81785923,0.60740787,0.54953086,0.5802129,0.64091295,0.6273305,0.65430695,0.71686417,0.6454004,1.0000002,0.6128033,0.76407456,0.6146802,0.60287035,0.6313489,0.71441084,0.61717004,0.62454915,0.81911016,0.76076216,0.64236116,0.6365798,0.5820073,0.67058134,0.63866824,0.64859784,0.897474,0.62631714,0.5485995,0.6618883,0.65033895,0.60083234,0.6463778,0.6578327,0.619231,0.70831877,0.6695488,0.65304303,0.83557534,0.610849,0.5533754,0.6101735,0.6217349,0.75992554,0.6161164,0.89473563,0.6473164,0.6346667,0.67469335,0.5780013,0.5868114,0.61886406,0.744582,0.6913949,0.58393,0.6124282,0.6347563,0.59235597,0.5433725,0.571864,0.71902025,0.60135597,0.66897166,0.6510248,0.57151586,0.6333059,0.5420695,0.66952574,0.608181,0.6032432,0.59115845,0.6281722,0.5446999,0.66352934,0.623246,0.60720915,0.7000001,0.757639,0.64000183,0.8633305,0.6683282,0.888157,0.712279,0.6099314,0.5945529,0.7662988,0.5637339,0.5704446,0.71440023,0.6207481,0.55272824,0.540539,0.66508484,0.6296616,0.54633987,0.7971048,0.69515663,0.6672813,0.84832615,0.6386571,0.54425234,0.66786605,0.61070305,0.755798,0.62586784,0.63790905,0.69283485,0.6539475,0.7466359,0.6669187,0.7048607,0.62884384,0.66530985,0.6352713,0.6825334
0.49629542,0.7488107,0.6204629,0.6281137,0.6220815,0.65831697,0.59251916,0.48353767,0.4307497,0.62817377,0.42220014,0.768568,0.60146946,0.666448,0.49914223,0.4621006,0.54266447,0.600056,0.9924089,0.5238503,0.43409047,0.7963857,0.66021067,0.56859523,0.53118163,0.39254665,0.6128033,1.0000001,0.64736855,0.5675259,0.5096685,0.4068267,0.5733243,0.580421,0.42193496,0.5427459,0.67477524,0.48146293,0.8140907,0.48919448,0.5658154,0.3951773,0.92614377,0.64919746,0.49292633,0.4714124,0.7991842,0.5181087,0.42244574,0.94156796,0.67566305,0.6195166,0.5760414,0.54994303,0.47304565,0.6176895,0.880233,0.4489139,0.62879705,0.43100917,0.61297846,0.3826449,0.5937225,0.6598253,0.78235567,0.6234317,0.49763048,0.4254761,0.7251039,0.72333616,0.5367393,0.38591814,0.9761405,0.5656897,0.52522576,0.45728302,0.55216426,0.5792528,0.63716877,0.4568816,0.5677492,0.56960386,0.5406955,0.38915774,0.948853,0.6103581,0.52177054,0.65381837,0.4424255,0.38770822,0.9487201,0.48223683,0.36624452,0.58995456,0.66247314,0.5431347,0.62668264,0.5180218,0.5882093,0.6345412,0.49690956,0.46565244,0.5914727,0.5083722,0.43254185,0.57635474,0.9838545,0.45642257,0.4670327,0.5156675,0.4002042,0.4272521,0.5995518,0.53527373,0.9374761,0.616089,0.48006937,0.5465307,0.5196282,0.40004194,0.6851548,0.528026,0.5179984,0.66227895,0.39545184,0.5895294,0.5539779,0.77282023,0.6985835,0.50349396,0.49187398,0.46277207
